4072.000000 -1915.893864
4222.000000 -2385.291905
4372.000000 -1913.068201
4522.000000 -1733.377863
4672.000000 -1640.705531
4822.000000 -1589.853689
4972.000000 -1561.945140
5122.000000 -1526.365359
5272.000000 -1505.867814
5422.000000 -1488.888556
5572.000000 -1462.302521
5722.000000 -1444.910741
5872.000000 -1395.492357
6022.000000 -1396.326404
6172.000000 -1402.378190
6322.000000 -1388.742949
6472.000000 -1393.143302
6622.000000 -1388.629417
6772.000000 -1389.636018
6922.000000 -1385.188044
7072.000000 -1390.296824
7222.000000 -1391.992671
7372.000000 -1396.799005
7522.000000 -1400.931662
7672.000000 -1411.159277
7822.000000 -1406.060098
7972.000000 -1419.614763
8122.000000 -1432.234347
8272.000000 -1443.658652
8422.000000 -1453.254108
8572.000000 -1466.185976
8722.000000 -1478.184224
8872.000000 -1483.627224
9022.000000 -1491.573855
9172.000000 -1514.142575
9322.000000 -1550.459664
9459.000000 -1593.196916
9609.000000 -1613.940424
9759.000000 -1629.130275
9909.000000 -1661.422061
151.000000 -654.370085
301.000000 -801.337729
451.000000 -656.923260
601.000000 -597.973904
751.000000 -582.402548
901.000000 -589.552552
1051.000000 -605.353926
1201.000000 -627.824581
1351.000000 -653.938175
1501.000000 -684.585670
1651.000000 -714.653731
1801.000000 -745.741466
1951.000000 -775.915216
2101.000000 -809.101149
2251.000000 -842.176975
2401.000000 -871.966483
2551.000000 -903.398888
151.000000 -730.836512
301.000000 -894.406348
151.000000 -664.082940
301.000000 -818.725537
451.000000 -667.169787
151.000000 -653.951202
301.000000 -797.219061
451.000000 -651.784094
601.000000 -594.420616
751.000000 -581.284217
901.000000 -590.298351
1051.000000 -610.014713
1201.000000 -637.066441
1351.000000 -668.828075
1501.000000 -703.602112
1651.000000 -739.391281
1801.000000 -776.320026
1951.000000 -809.757323
2101.000000 -846.342270
2251.000000 -883.347253
2401.000000 -918.386919
2551.000000 -952.013797
2701.000000 -982.334527
2851.000000 -1018.782625
3001.000000 -1052.786183
3151.000000 -1082.414124
3301.000000 -1115.466230
3451.000000 -1145.083249
3601.000000 -1175.658248
3751.000000 -1204.485496
3901.000000 -1230.320230
4051.000000 -1258.188443
4201.000000 -1284.543550
4351.000000 -1308.780253
4501.000000 -1331.933705
4651.000000 -1356.303527
4801.000000 -1382.686553
4951.000000 -1402.764656
5101.000000 -1422.904027
5251.000000 -1442.335191
5401.000000 -1462.376027
5551.000000 -1481.991602
5701.000000 -1499.075070
5851.000000 -1513.993465
6001.000000 -1534.614150
6151.000000 -1555.286718
151.000000 -645.226353
173.000000 -918.372306
323.000000 -709.582441
473.000000 -551.650818
500.000000 -511.789652
521.000000 -505.567018
671.000000 -490.645171
692.000000 -482.910249
715.000000 -485.055263
753.000000 -486.743208
773.000000 -488.886365
805.000000 -490.351733
836.000000 -493.536835
857.000000 -494.493738
882.000000 -502.184928
904.000000 -500.585636
941.000000 -508.510237
969.000000 -510.978291
1004.000000 -512.270774
1026.000000 -512.270104
1062.000000 -519.566361
1097.000000 -522.123767
1131.000000 -523.615703
1153.000000 -530.954181
1190.000000 -529.708683
1211.000000 -534.441030
151.000000 -664.082940
151.000000 -654.370228
301.000000 -798.577008
451.000000 -651.903220
601.000000 -594.162321
751.000000 -580.781704
901.000000 -587.863363
1051.000000 -603.392138
1201.000000 -624.481138
1351.000000 -650.011586
1501.000000 -683.569338
1652.000000 -1129.449194
1802.000000 -1479.582205
1952.000000 -1249.640851
2102.000000 -1143.741177
2252.000000 -1095.604752
2402.000000 -1076.559279
2552.000000 -1070.125153
2702.000000 -1077.502141
151.000000 -664.082940
301.000000 -818.725537
451.000000 -667.169787
601.000000 -610.738246
751.000000 -599.256035
901.000000 -611.372237
151.000000 -608.760993
301.000000 -755.865284
451.000000 -636.706002
601.000000 -621.315229
751.000000 -647.810883
901.000000 -697.288659
1051.000000 -751.573523
1201.000000 -810.068612
1351.000000 -864.463544
151.000000 -678.789251
151.000000 -678.789251
301.000000 -853.519181
452.000000 -815.231131
602.000000 -1063.981924
752.000000 -948.048723
902.000000 -930.927747
1052.000000 -958.446242
1202.000000 -1005.570746
1352.000000 -1059.305681
1502.000000 -1117.091320
1652.000000 -1182.181896
1802.000000 -1249.575135
1952.000000 -1312.659429
2102.000000 -1377.077917
2252.000000 -1442.641884
2402.000000 -1507.119678
2552.000000 -1573.518639
2702.000000 -1639.448732
2852.000000 -1704.399370
3002.000000 -1767.153275
3152.000000 -1829.808447
3302.000000 -1892.124445
3452.000000 -1951.877785
3602.000000 -2011.706191
3752.000000 -2065.201436
3902.000000 -2123.905898
4052.000000 -2181.467465
4202.000000 -2234.559650
4352.000000 -2289.980781
4502.000000 -2345.536490
4652.000000 -2398.044448
4802.000000 -2447.659655
4952.000000 -2498.675120
5102.000000 -2551.671844
5252.000000 -2598.823189
5402.000000 -2642.527905
5552.000000 -2683.731057
5702.000000 -2734.190926
5852.000000 -2791.108076
1953.000000 -1311.452871
2103.000000 -1736.598271
2254.000000 -1432.708975
2254.000000 -1406.765773
2404.000000 -1882.153314
2555.000000 -1415.313739
2555.000000 nan
2555.000000 -1386.741649
2705.000000 -1832.664014
2856.000000 -1502.587052
2856.000000 -1465.217465
2856.000000 -1427.131588
2856.000000 -1472.686010
2856.000000 -1514.486335
2856.000000 -1548.217179
2856.000000 -1472.686008
2856.000000 -1619.530289
2856.000000 -1453.641022
3006.000000 -1889.878836
3157.000000 -1529.968794
3157.000000 -1548.836153
3307.000000 -2046.559686
151.000000 -655.478661
301.000000 -799.354413
451.000000 -642.198352
601.000000 -575.133915
752.000000 -179139.405983
151.000000 -648.453613
151.000000 -649.917929
301.000000 -782.736310
452.000000 -726.025577
602.000000 -886.536957
752.000000 -728.595828
903.000000 -846.845780
55.000000 -277.654387
141.000000 -607.305486
291.000000 -480.472304
396.000000 -412.826299
546.000000 -396.144212
696.000000 -393.553002
846.000000 -400.546232
933.000000 -411.512747
1027.000000 -426.203849
924.000000 -516.212095
1025.000000 -975.695574
1105.000000 -816.216578
1211.000000 -743.855570
1326.000000 -693.898373
1439.000000 -669.931565
1571.000000 -656.585202
1689.000000 -651.155212
1839.000000 -658.945563
