151.000000 -717.907486
214.000000 12.550582
350.000000 57.179561
429.000000 41.752594
536.000000 58.982142
609.000000 40.433807
675.000000 36.712576
825.000000 89.814470
893.000000 37.570369
968.000000 40.201551
1118.000000 82.935652
1191.000000 38.974361
1264.000000 38.626571
1334.000000 36.347595
1407.000000 38.297206
1479.000000 37.964821
1541.000000 32.201507
1611.000000 36.334784
1681.000000 36.303484
1755.000000 38.473476
1905.000000 82.444111
2055.000000 88.238172
2205.000000 90.137862
2280.000000 38.799877
2355.000000 38.614782
2428.000000 37.843919
2504.000000 38.265952
2579.000000 36.973429
2655.000000 36.065916
2747.000000 47.332639
2835.000000 48.441963
2918.000000 48.543466
3008.000000 54.871163
3089.000000 41.889698
3170.000000 45.381044
3254.000000 46.689304
3404.000000 92.734936
3494.000000 53.423165
3644.000000 108.525818
3731.000000 49.480888
3807.000000 38.868041
3891.000000 44.092807
3992.000000 43.898127
4092.000000 42.361565
4242.000000 83.067511
4392.000000 55.212924
4542.000000 45.920761
151.000000 -717.907486
214.000000 12.550582
350.000000 57.179561
429.000000 41.752594
536.000000 58.982142
609.000000 40.433807
675.000000 36.712576
825.000000 89.814470
893.000000 37.570369
